0 9
1 9
2 4
3 4
4 4
5 9
6 4
7 1
8 9
9 4
10 4
11 1
12 1
13 1
14 4
15 7
16 1
17 7
18 4
19 9
20 7
21 4
22 4
23 4
24 1
25 4
26 9
27 4
28 4
29 9
30 1
31 8
32 8
33 9
34 4
35 7
36 4
37 9
38 1
39 4
40 9
41 9
42 9
43 9
44 9
45 1
46 4
47 4
48 1
49 4
50 7
51 9
52 1
53 4
54 1
55 4
56 1
57 4
58 9
59 1
60 9
61 4
62 4
63 7
64 4
65 4
66 4
67 4
68 4
69 4
70 5
71 1
72 9
73 9
74 4
75 1
76 7
77 7
78 2
79 0
80 4
81 4
82 1
83 4
84 4
85 1
86 1
87 4
88 9
89 7
90 7
91 4
92 1
93 2
94 9
95 4
96 1
97 1
98 4
99 7
100 4
101 7
102 1
103 4
104 1
105 4
106 4
107 4
108 7
109 9
110 9
111 7
112 4
113 1
114 1
115 4
116 9
117 4
118 1
119 7
120 4
121 9
122 4
123 4
124 9
125 7
126 4
127 2
128 9
129 9
130 4
131 1
132 1
133 7
134 7
135 4
136 8
137 9
138 1
139 1
140 2
141 8
142 9
143 9
144 9
145 9
146 2
147 2
148 0
149 4
150 9
151 4
152 7
153 2
154 7
155 2
156 7
157 8
158 8
159 9
160 1
161 9
162 2
163 2
164 1
165 7
166 1
167 4
168 4
169 2
170 1
171 5
172 5
173 4
174 7
175 4
176 7
177 9
178 1
179 4
180 9
181 4
182 2
183 2
184 9
185 4
186 7
187 7
188 9
189 7
190 4
191 4
192 1
193 4
194 4
195 4
196 1
197 9
198 1
199 7
200 2
201 9
202 7
203 2
204 9
205 2
206 9
207 9
208 9
209 8
210 9
211 7
212 1
213 9
214 9
215 4
216 4
217 8
218 1
219 5
220 4
221 1
222 9
223 9
224 2
225 2
226 9
227 7
228 4
229 4
230 4
231 2
232 4
233 9
234 9
235 4
236 4
237 4
238 7
239 7
240 4
241 7
242 2
243 7
244 4
245 1
246 1
247 7
248 9
249 4
250 4
251 7
252 9
253 7
254 9
255 4
256 8
257 4
258 9
259 4
260 5
261 6
262 7
263 4
264 4
265 8
266 7
267 9
268 7
269 1
270 9
271 8
272 4
273 7
274 2
275 7
276 1
277 4
278 4
279 9
280 4
281 7
282 5
283 1
284 4
285 7
286 4
287 9
288 9
289 9
290 4
291 5
292 7
293 2
294 9
295 9
296 2
297 7
298 0
299 4
300 7
301 4
302 9
303 9
304 5
305 4
306 1
307 9
308 0
309 4
310 9
311 1
312 1
313 9
314 7
315 4
316 2
317 7
318 0
319 6
320 8
321 8
322 9
323 9
324 4
325 5
326 9
327 2
328 1
329 9
330 7
331 7
332 2
333 2
334 9
335 1
336 9
337 9
338 9
339 9
340 9
341 4
342 9
343 4
344 9
345 7
346 2
347 4
348 2
349 9
350 4
351 4
352 7
353 4
354 4
355 1
356 7
357 9
358 4
359 1
360 1
361 4
362 8
363 4
364 2
365 9
366 9
367 9
368 1
369 9
370 9
371 9
372 7
373 9
374 9
375 9
376 4
377 1
378 9
379 7
380 4
381 4
382 9
383 9
384 9
385 9
386 9
387 4
388 9
389 9
390 1
391 9
392 9
393 9
394 4
395 1
396 9
397 9
398 9
399 4
400 1
401 7
402 7
403 9
404 9
405 9
406 9
407 9
408 9
409 9
410 9
411 9
412 4
413 4
414 4
415 9
416 2
417 4
418 7
419 1
420 9
421 4
422 1
423 2
424 9
425 2
426 9
427 4
428 1
429 2
430 1
431 9
432 9
433 9
434 9
435 2
436 1
437 9
438 4
439 1
440 2
441 7
442 5
443 1
444 9
445 9
446 9
447 9
448 4
449 9
450 1
451 4
452 1
453 4
454 2
455 9
456 9
457 1
458 3
459 5
460 9
461 4
462 4
463 7
464 1
465 7
466 7
467 9
468 4
469 9
470 9
471 9
472 4
473 9
474 4
475 4
476 1
477 4
478 9
479 9
480 4
481 9
482 9
483 1
484 9
485 2
486 7
487 2
488 4
489 2
490 7
491 9
492 4
493 9
494 4
495 1
496 9
497 4
498 2
499 9
500 9
501 4
502 4
503 9
504 9
505 9
506 2
507 9
508 2
509 4
510 9
511 4
512 9
513 7
514 0
515 9
516 7
517 2
518 7
519 9
520 0
521 9
522 7
523 7
524 9
525 4
526 9
527 9
528 7
529 7
530 9
531 8
532 7
533 2
534 0
535 4
536 4
537 7
538 9
539 9
540 0
541 7
542 4
543 0
544 7
545 4
546 9
547 9
548 9
549 9
550 9
551 9
552 9
553 9
554 9
555 9
556 7
557 2
558 9
559 7
560 0
561 7
562 9
563 9
564 9
565 7
566 7
567 4
568 8
569 4
570 7
571 7
572 0
573 7
574 4
575 7
576 9
577 2
578 7
579 2
580 9
581 9
582 9
583 7
584 7
585 9
586 7
587 8
588 7
589 2
590 2
591 7
592 9
593 9
594 1
595 7
596 4
597 9
598 2
599 0
600 7
601 7
602 9
603 2
604 9
605 9
606 7
607 9
608 7
609 9
610 4
611 7
612 9
613 9
614 7
615 4
616 9
617 1
618 7
619 9
620 7
621 9
622 9
623 7
624 7
625 7
626 0
627 9
628 9
629 2
630 4
631 2
632 7
633 9
634 9
635 2
636 4
637 9
638 2
639 9
640 7
641 8
642 9
643 9
644 2
645 2
646 8
647 3
648 7
649 7
650 4
651 2
652 9
653 0
654 2
655 7
656 2
657 5
658 9
659 0
660 7
661 2
662 8
663 6
664 2
665 7
666 9
667 2
668 9
669 2
670 4
671 9
672 4
673 7
674 8
675 0
676 9
677 2
678 0
679 4
680 9
681 4
682 1
683 7
684 9
685 8
686 0
687 9
688 0
689 7
690 9
691 9
692 7
693 0
694 7
695 7
696 8
697 0
698 7
699 7
700 9
701 1
702 4
703 0
704 0
705 7
706 9
707 7
708 2
709 9
710 9
711 2
712 0
713 9
714 9
715 7
716 7
717 4
718 2
719 7
720 7
721 0
722 2
723 9
724 1
725 0
726 9
727 0
728 0
729 6
730 2
731 0
732 0
733 9
734 2
735 0
736 0
737 6
738 9
739 1
740 4
741 2
742 9
743 4
744 2
745 9
746 4
747 9
748 9
749 2
750 1
751 8
752 1
753 7
754 2
755 9
756 6
757 7
758 4
759 2
760 2
761 7
762 9
763 8
764 8
765 2
766 2
767 8
768 7
769 2
770 1
771 7
772 2
773 6
774 9
775 4
776 7
777 4
778 7
779 9
780 8
781 2
782 2
783 4
784 7
785 7
786 9
787 2
788 1
789 2
790 9
791 0
792 7
793 7
794 0
795 2
796 8
797 6
798 2
799 0
800 7
801 7
802 7
803 9
804 6
805 0
806 0
807 9
808 2
809 7
810 7
811 9
812 2
813 1
814 4
815 4
816 9
817 7
818 7
819 7
820 9
821 1
822 4
823 0
824 0
825 2
826 0
827 7
828 2
829 9
830 7
831 7
832 9
833 2
834 7
835 9
836 1
837 7
838 7
839 8
840 2
841 0
842 0
843 2
844 2
845 7
846 7
847 2
848 2
849 0
850 0
851 9
852 2
853 9
854 9
855 9
856 5
857 3
858 9
859 9
860 8
861 8
862 2
863 2
864 2
865 2
866 9
867 8
868 2
869 2
870 2
871 2
872 2
873 9
874 9
875 9
876 9
877 9
878 9
879 9
880 9
881 2
882 2
883 7
884 7
885 2
886 2
887 0
888 0
889 2
890 2
891 9
892 9
893 9
894 3
895 3
896 9
897 9
898 8
899 8
900 0
901 7
902 2
903 0
904 9
905 9
906 2
907 2
908 2
909 2
910 2
911 2
912 9
913 2
914 9
915 9
916 2
917 2
918 2
919 2
920 9
921 9
922 9
923 9
924 0
925 7
926 0
927 0
928 9
929 9
930 9
931 7
932 7
933 8
934 8
935 9
936 9
937 0
938 0
939 7
940 7
941 7
942 7
943 7
944 7
945 9
946 9
947 9
948 9
949 2
950 9
951 7
952 7
953 9
954 7
955 9
956 9
957 2
958 2
959 9
960 9
961 9
962 9
963 6
964 6
965 2
966 2
967 2
968 2
969 2
970 6
971 2
972 2
973 7
974 7
975 0
976 2
977 7
978 2
979 7
980 7
981 7
982 4
983 0
984 7
985 2
986 2
987 0
988 0
989 7
990 2
991 2
992 2
993 2
994 9
995 9
996 9
997 9
998 6
999 9
1000 0
1001 9
1002 2
1003 9
1004 7
1005 4
1006 2
1007 9
1008 8
1009 2
1010 2
1011 8
1012 9
1013 4
1014 0
1015 6
1016 9
1017 3
1018 0
1019 2
1020 7
1021 2
1022 8
1023 8
1024 8
1025 0
1026 2
1027 0
1028 0
1029 9
1030 9
1031 2
1032 2
1033 6
1034 6
1035 0
1036 2
1037 2
1038 2
1039 7
1040 2
1041 2
1042 2
1043 9
1044 7
1045 7
1046 1
1047 7
1048 2
1049 8
1050 2
1051 2
1052 8
1053 2
1054 2
1055 9
1056 4
1057 4
1058 2
1059 9
1060 4
1061 0
1062 9
1063 2
1064 2
1065 8
1066 8
1067 1
1068 2
1069 7
1070 2
1071 9
1072 0
1073 8
1074 6
1075 0
1076 6
1077 6
1078 5
1079 0
1080 0
1081 2
1082 9
1083 6
1084 6
1085 8
1086 4
1087 7
1088 7
1089 6
1090 0
1091 2
1092 2
1093 2
1094 9
1095 9
1096 7
1097 8
1098 7
1099 9
1100 4
1101 9
1102 9
1103 7
1104 0
1105 5
1106 8
1107 8
1108 6
1109 6
1110 2
1111 0
1112 2
1113 3
1114 8
1115 8
1116 8
1117 5
1118 9
1119 2
1120 2
1121 8
1122 7
1123 2
1124 2
1125 8
1126 8
1127 1
1128 9
1129 6
1130 8
1131 2
1132 9
1133 9
1134 2
1135 8
1136 8
1137 9
1138 6
1139 7
1140 0
1141 5
1142 3
1143 8
1144 9
1145 2
1146 2
1147 8
1148 8
1149 5
1150 5
1151 5
1152 8
1153 5
1154 5
1155 8
1156 8
1157 9
1158 8
1159 8
1160 9
1161 6
1162 2
1163 6
1164 5
1165 1
1166 9
1167 8
1168 7
1169 5
1170 8
1171 9
1172 2
1173 7
1174 5
1175 5
1176 9
1177 5
1178 9
1179 5
1180 5
1181 8
1182 8
1183 8
1184 6
1185 9
1186 8
1187 8
1188 8
1189 9
1190 8
1191 8
1192 6
1193 8
1194 8
1195 6
1196 8
1197 9
1198 2
1199 8
1200 5
1201 9
1202 9
1203 8
1204 8
1205 8
1206 8
1207 6
1208 9
1209 0
1210 2
1211 5
1212 1
1213 9
1214 8
1215 8
1216 5
1217 5
1218 5
1219 5
1220 9
1221 2
1222 2
1223 3
1224 2
1225 1
1226 2
1227 2
1228 9
1229 2
1230 9
1231 2
1232 4
1233 9
1234 4
1235 1
1236 5
1237 0
1238 2
1239 8
1240 9
1241 2
1242 0
1243 8
1244 5
1245 3
1246 2
1247 2
1248 9
1249 9
1250 9
1251 2
1252 2
1253 7
1254 0
1255 2
1256 2
1257 2
1258 2
1259 0
1260 7
1261 7
1262 7
1263 0
1264 0
1265 2
1266 2
1267 4
1268 9
1269 9
1270 2
1271 2
1272 3
1273 3
1274 9
1275 0
1276 8
1277 3
1278 2
1279 9
1280 8
1281 9
1282 9
1283 9
1284 2
1285 2
1286 9
1287 2
1288 2
1289 2
1290 7
1291 2
1292 7
1293 9
1294 9
1295 2
1296 2
1297 2
1298 4
1299 4
1300 2
1301 8
1302 2
1303 8
1304 6
1305 4
1306 5
1307 5
1308 1
1309 1
1310 7
1311 8
1312 8
1313 8
1314 4
1315 8
1316 8
1317 3
1318 9
1319 0
1320 8
1321 2
1322 2
1323 2
1324 2
1325 3
1326 6
1327 5
1328 5
1329 5
1330 8
1331 8
1332 8
1333 3
1334 5
1335 8
1336 8
1337 8
1338 5
1339 5
1340 9
1341 8
1342 5
1343 3
1344 8
1345 8
1346 8
1347 2
1348 2
1349 5
1350 9
1351 9
1352 8
1353 2
1354 2
1355 8
1356 8
1357 2
1358 2
1359 2
1360 2
1361 5
1362 8
1363 8
1364 8
1365 8
1366 5
1367 8
1368 8
1369 8
1370 9
1371 7
1372 9
1373 5
1374 2
1375 0
1376 8
1377 7
1378 7
1379 7
1380 2
1381 2
1382 7
1383 2
1384 2
1385 2
1386 8
1387 8
1388 0
1389 4
1390 6
1391 7
1392 2
1393 0
1394 8
1395 7
1396 0
1397 2
1398 4
1399 7
1400 9
1401 7
1402 7
1403 2
1404 7
1405 4
1406 2
1407 0
1408 7
1409 7
1410 0
1411 1
1412 8
1413 9
1414 5
1415 7
1416 7
1417 7
1418 7
1419 7
1420 0
1421 0
1422 7
1423 0
1424 4
1425 0
1426 7
1427 2
1428 9
1429 0
1430 0
1431 0
1432 1
1433 7
1434 9
1435 7
1436 6
1437 2
1438 0
1439 7
1440 6
1441 7
1442 7
1443 7
1444 8
1445 2
1446 4
1447 5
1448 4
1449 2
1450 2
1451 0
1452 2
1453 4
1454 2
1455 8
1456 6
1457 0
1458 9
1459 0
1460 7
1461 7
1462 0
1463 0
1464 7
1465 0
1466 4
1467 9
1468 7
1469 0
1470 2
1471 0
1472 2
1473 3
1474 9
1475 8
1476 9
1477 7
1478 8
1479 7
1480 0
1481 7
1482 7
1483 7
1484 0
1485 0
1486 4
1487 2
1488 2
1489 9
1490 2
1491 9
1492 9
1493 0
1494 2
1495 9
1496 7
1497 2
1498 9
1499 9
1500 0
1501 1
1502 2
1503 7
1504 0
1505 0
1506 6
1507 6
1508 2
1509 9
1510 2
1511 6
1512 7
1513 2
1514 9
1515 9
1516 7
1517 7
1518 8
1519 8
1520 4
1521 9
1522 0
1523 7
1524 2
1525 0
1526 7
1527 0
1528 8
1529 8
1530 2
1531 7
1532 7
1533 0
1534 9
1535 9
1536 0
1537 9
1538 1
1539 7
1540 0
1541 9
1542 7
1543 7
1544 2
1545 0
1546 7
1547 0
1548 8
1549 2
1550 7
1551 0
1552 2
1553 0
1554 2
1555 7
1556 7
1557 7
1558 2
1559 9
1560 2
1561 2
1562 2
1563 2
1564 7
1565 0
1566 2
1567 0
1568 0
1569 3
1570 9
1571 2
1572 0
1573 7
1574 2
1575 9
1576 0
1577 7
1578 8
1579 7
1580 1
1581 0
1582 0
1583 8
1584 1
1585 2
1586 0
1587 2
1588 9
1589 9
1590 7
1591 9
1592 1
1593 1
1594 8
1595 8
1596 2
1597 2
1598 9
1599 9
1600 7
1601 0
1602 0
1603 7
1604 9
1605 8
1606 6
1607 2
1608 0
1609 0
1610 8
1611 9
1612 9
1613 9
1614 2
1615 0
1616 0
1617 2
1618 2
1619 2
1620 9
1621 7
1622 9
1623 7
1624 7
1625 7
1626 2
1627 2
1628 2
1629 2
1630 2
1631 2
1632 7
1633 7
1634 2
1635 2
1636 7
1637 0
1638 8
1639 8
1640 7
1641 7
1642 4
1643 7
1644 7
1645 2
1646 7
1647 7
1648 8
1649 2
1650 2
1651 0
1652 7
1653 0
1654 2
1655 2
1656 2
1657 0
1658 8
1659 8
1660 8
1661 9
1662 2
1663 0
1664 0
1665 9
1666 2
1667 2
1668 0
1669 0
1670 2
1671 2
1672 9
1673 1
1674 9
1675 5
1676 7
1677 4
1678 2
1679 2
1680 8
1681 8
1682 2
1683 2
1684 9
1685 9
1686 0
1687 7
1688 2
1689 2
1690 2
1691 2
1692 2
1693 2
1694 8
1695 7
1696 7
1697 5
1698 0
1699 0
1700 8
1701 6
1702 0
1703 2
1704 9
1705 8
1706 1
1707 5
1708 2
1709 9
1710 9
1711 8
1712 9
1713 5
1714 8
1715 3
1716 5
1717 9
1718 8
1719 3
1720 9
1721 7
1722 7
1723 0
1724 6
1725 6
1726 6
1727 0
1728 7
1729 7
1730 8
1731 2
1732 2
1733 2
1734 0
1735 9
1736 7
1737 0
1738 9
1739 6
1740 8
1741 8
1742 8
1743 8
1744 0
1745 0
1746 9
1747 9
1748 1
1749 6
1750 6
1751 2
1752 2
1753 9
1754 9
1755 0
1756 2
1757 2
1758 2
1759 8
1760 8
1761 7
1762 3
1763 9
1764 9
1765 2
1766 2
1767 9
1768 9
1769 9
1770 8
1771 6
1772 9
1773 2
1774 7
1775 7
1776 9
1777 9
1778 2
1779 7
1780 8
1781 2
1782 1
1783 3
1784 8
1785 8
1786 3
1787 2
1788 7
1789 9
1790 9
1791 2
1792 1
1793 7
1794 9
1795 2
1796 8
1797 2
1798 6
1799 6
1800 6
1801 2
1802 0
1803 0
1804 7
1805 8
1806 7
1807 1
1808 8
1809 9
1810 2
1811 2
1812 9
1813 0
1814 2
1815 2
1816 2
1817 8
1818 9
1819 0
1820 0
1821 9
1822 2
1823 5
1824 5
1825 2
1826 2
1827 9
1828 9
1829 5
1830 8
1831 8
1832 3
1833 2
1834 8
1835 8
1836 1
1837 1
1838 7
1839 9
1840 0
1841 0
1842 6
1843 6
1844 0
1845 6
1846 8
1847 8
1848 8
1849 8
1850 8
1851 6
1852 8
1853 0
1854 0
1855 0
1856 2
1857 0
1858 2
1859 2
1860 2
1861 2
1862 2
1863 6
1864 6
1865 0
1866 9
1867 0
1868 9
1869 6
1870 2
1871 0
1872 0
1873 2
1874 5
1875 0
1876 7
1877 9
1878 9
1879 8
1880 6
1881 2
1882 2
1883 6
1884 0
1885 2
1886 2
1887 2
1888 0
1889 9
1890 2
1891 9
1892 9
1893 3
1894 5
1895 9
1896 2
1897 2
1898 6
1899 6
1900 6
1901 0
1902 6
1903 6
1904 6
1905 2
1906 2
1907 9
1908 2
1909 7
1910 7
1911 9
1912 7
1913 0
1914 6
1915 6
1916 6
1917 2
1918 8
1919 8
1920 6
1921 6
1922 6
1923 3
1924 3
1925 6
1926 6
1927 6
1928 9
1929 8
1930 9
1931 8
1932 0
1933 4
1934 2
1935 2
1936 8
1937 0
1938 6
1939 2
1940 2
1941 8
1942 7
1943 6
1944 7
1945 8
1946 2
1947 2
1948 2
1949 8
1950 8
1951 7
1952 7
1953 0
1954 0
1955 4
1956 0
1957 9
1958 2
1959 7
1960 3
1961 8
1962 2
1963 3
1964 8
1965 0
1966 8
1967 8
1968 2
1969 2
1970 2
1971 2
1972 8
1973 7
1974 7
1975 2
1976 2
1977 0
1978 2
1979 2
1980 5
1981 2
1982 8
1983 0
1984 0
1985 2
1986 0
1987 9
1988 9
1989 7
1990 8
1991 7
1992 7
1993 2
1994 8
1995 2
